image_width: 1024
image_height: 768
camera_name: 00b09d0100a8a2c8_left
camera_matrix:
  rows: 3
  cols: 3
  data: [543.272065922015, 0, 514.780408346451, 0, 540.91822189581, 381.678968393913, 0, 0, 1]
distortion_model: rational_polynomial
distortion_coefficients:
  rows: 1
  cols: 8
  data: [0.217236774686103, -0.0451579614947248, 0.000215674853086668, 0.000158330054875576, -0.00118671134398742, 0.583523238269745, -0.0398822654316318, -0.00988618093967502]
rectification_matrix:
  rows: 3
  cols: 3
  data: [0.999919646201399, -0.00997438551389511, 0.00782385928357582, 0.00995317685810095, 0.999946698102543, 0.00274503629354131, -0.007850822307272, -0.00266694346428547, 0.999965625410023]
projection_matrix:
  rows: 3
  cols: 4
  data: [524.493378045838, 0, 530.488235473633, 0, 0, 524.493378045838, 325.040725708008, 0, 0, 0, 1, 0]