---
image_width: 1024
image_height: 768
camera_name: 00b09d0100a8a2c8_left
camera_matrix:
  rows: 3
  cols: 3
  data: [730.465, 0, 519.007, 0, 719.683, 375.299, 0, 0, 1]
distortion_model: plumb_bob
distortion_coefficients:
  rows: 1
  cols: 5
  data: [-0.278511, 0.121763, -0.000307, 0.000302, 0]
rectification_matrix:
  rows: 3
  cols: 3
  data: [0.999910, 0.000991, -0.013416, -0.000969, 0.999998, 0.001655, 0.013418, -0.001642, 0.999909]
projection_matrix:
  rows: 3
  cols: 4
  data: [681.186, 0, 531.136, 0, 0, 681.186, 381.422, 0, 0, 0, 1, 0]

