image_width: 1024
image_height: 768
camera_name: 00b09d0100a8a2c8_left
camera_matrix:
  rows: 3
  cols: 3
  data: [547.263886256611, 0, 515.626000651381, 0, 544.43171402796, 378.170346679302, 0, 0, 1]
distortion_model: rational_polynomial
distortion_coefficients:
  rows: 1
  cols: 8
  data: [0.370655001900339, -0.0930810655536981, 0.00153516753464779, -0.000783892165348329, -0.0668168710671997, 0.728142432544764, 0.00929905733641936, -0.150963668022453]
rectification_matrix:
  rows: 3
  cols: 3
  data: [0.999642898999423, -0.00759982682726464, 0.0256186867779263, 0.00758933961044017, 0.999971072239651, 0.000506565060747069, -0.0256217954934331, -0.000311955251525794, 0.999671659235978]
projection_matrix:
  rows: 3
  cols: 4
  data: [550.635261246104, 0, 470.84252166748, 0, 0, 550.635261246104, 400.183879852295, 0, 0, 0, 1, 0]