image_width: 1024
image_height: 768
camera_name: 00b09d0100a8a2c8_right
camera_matrix:
  rows: 3
  cols: 3
  data: [543.89154112106, 0, 507.57473869828, 0, 541.329911144195, 395.308570907903, 0, 0, 1]
distortion_model: rational_polynomial
distortion_coefficients:
  rows: 1
  cols: 8
  data: [0.359277198099573, -0.115558118334022, 0.000109703626924395, 0.000332973085092138, -0.00494455076023698, 0.734867786816961, -0.0750260807387161, -0.0349320045654897]
rectification_matrix:
  rows: 3
  cols: 3
  data: [0.999991146608395, -0.00223495138379016, -0.00356534670670425, 0.00222529519355422, 0.999993851915082, -0.00271001722122419, 0.00357138154338858, 0.00270205927949072, 0.99998997200448]
projection_matrix:
  rows: 3
  cols: 4
  data: [524.493378045838, 0, 530.488235473633, -62.6298100270359, 0, 524.493378045838, 325.040725708008, 0, 0, 0, 1, 0]