---
image_width: 1024
image_height: 768
camera_name: 00b09d0100a8a2c8_right
camera_matrix:
  rows: 3
  cols: 3
  data: [733.145, 0, 508.004, 0, 721.901, 390.397, 0, 0, 1]
distortion_model: plumb_bob
distortion_coefficients:
  rows: 1
  cols: 5
  data: [-0.283962, 0.130064, -0.001886, -0.001310, 0]
rectification_matrix:
  rows: 3
  cols: 3
  data: [0.999642, 0.007166, -0.025783, -0.007209, 0.999973, -0.001556, 0.025771, 0.001741, 0.999666]
projection_matrix:
  rows: 3
  cols: 4
  data: [681.186, 0, 531.136, -80.744, 0, 681.186, 381.422, 0, 0, 0, 1, 0]

