---
image_width: 1024
image_height: 768
camera_name: 00b09d0100a8a2c8_right
camera_matrix:
  rows: 3
  cols: 3
  data: [539.338, 0, 501.752, 0, 536.461, 398.821, 0, 0, 1]
distortion_model: plumb_bob
distortion_coefficients:
  rows: 1
  cols: 5
  data: [-0.28277, 0.0566076, -4.3872e-05, 0.000468352, 0]
rectification_matrix:
  rows: 3
  cols: 3
  data: [0.999927, -0.00426881, -0.0112907, 0.00424705, 0.999989, -0.00195064, 0.0112989, 0.00190254, 0.999934]
projection_matrix:
  rows: 3
  cols: 4
  data: [460.435, 0, 500.64, -54.7627, 0, 460.435, 389.511, 0, 0, 0, 1, 0]