image_width: 1024
image_height: 768
camera_name: 00b09d0100a8a2c8_left
camera_matrix:
  rows: 3
  cols: 3
  data: [724.211202957399, 0, 520.079992106399, 0, 722.33659180103, 385.770646649668, 0, 0, 1]
distortion_model: rational_polynomial
distortion_coefficients:
  rows: 1
  cols: 8
  data: [-0.117462215128192, 0.591104654639963, 0.00129130233655822, 0.000624335174008668, -0.614148067095199, 0.157879153937494, 0.578989606899923, -0.706019861436853]
rectification_matrix:
  rows: 3
  cols: 3
  data: [0.999955786768095, -0.00852918138875133, 0.00395949161356701, 0.00851617926464267, 0.99995832734247, 0.00328911373819125, -0.00398738005871024, -0.00325524857546483, 0.999986751990735]
projection_matrix:
  rows: 3
  cols: 4
  data: [688.056915333801, 0, 517.926086425781, 0, 0, 688.056915333801, 397.857963562012, 0, 0, 0, 1, 0]