image_width: 1024
image_height: 768
camera_name: 00b09d0100a8a2c8_right
camera_matrix:
  rows: 3
  cols: 3
  data: [546.545941075437, 0, 509.159025941265, 0, 543.040516500802, 394.682412938699, 0, 0, 1]
distortion_model: rational_polynomial
distortion_coefficients:
  rows: 1
  cols: 8
  data: [-0.164921327428396, -0.0369407567276264, 0.00059569542963464, -0.000258946214984018, 0.0263116135616929, 0.213501547113623, -0.189280989238928, 0.05878533407254]
rectification_matrix:
  rows: 3
  cols: 3
  data: [0.99987527877311, -0.000261833785034249, 0.0157910842396675, 0.00026829720327088, 0.999999881106053, -0.000407190976448168, -0.0157909757458486, 0.000411376894828173, 0.999875230143264]
projection_matrix:
  rows: 3
  cols: 4
  data: [550.635261246104, 0, 470.84252166748, -66.0748204775572, 0, 550.635261246104, 400.183879852295, 0, 0, 0, 1, 0]