image_width: 1024
image_height: 768
camera_name: 00b09d0100a8a2c8_left
camera_matrix:
  rows: 3
  cols: 3
  data: [541.424896546675, 0, 516.294210364233, 0, 539.117328403302, 382.64677258312, 0, 0, 1]
distortion_model: rational_polynomial
distortion_coefficients:
  rows: 1
  cols: 8
  data: [-0.169713987685601, -0.00838630750605932, 0.000844441768172784, -0.000329958833528358, 0.00943079936592388, 0.193712625712924, -0.136442643612664, 0.0298292551970016]
rectification_matrix:
  rows: 3
  cols: 3
  data: [0.999952626611231, -0.00785082853201019, 0.00575404420051634, 0.00784696659238525, 0.999968971647435, 0.000693439015990626, -0.00575930973281616, -0.000648254372821993, 0.999983204917797]
projection_matrix:
  rows: 3
  cols: 4
  data: [451.005747995702, 0, 507.958312988281, 0, 0, 451.005747995702, 401.04084777832, 0, 0, 0, 1, 0]