image_width: 1024
image_height: 768
camera_name: 00b09d0100a8a2c8_right
camera_matrix:
  rows: 3
  cols: 3
  data: [546.413857798945, 0, 507.686147008624, 0, 543.745878860212, 396.03572103183, 0, 0, 1]
distortion_model: rational_polynomial
distortion_coefficients:
  rows: 1
  cols: 8
  data: [-0.323515633285091, 0.0324973676222229, 0.00105362780558421, 0.000218323672725338, 0.0269823022824099, 0.0473397753061381, -0.161160544635714, 0.0791414727284495]
rectification_matrix:
  rows: 3
  cols: 3
  data: [0.999505641235698, 0.000608009858115951, -0.0314341130307327, -0.000720743293325063, 0.999993349450107, -0.00357513421597924, 0.0314317302597483, 0.00359602274319454, 0.99949943219259]
projection_matrix:
  rows: 3
  cols: 4
  data: [452.536208470365, 0, 550.38272857666, -54.2838766690459, 0, 452.536208470365, 400.450084686279, 0, 0, 0, 1, 0]