image_width: 1024
image_height: 768
camera_name: 00b09d0100a8a2c8_right
camera_matrix:
  rows: 3
  cols: 3
  data: [726.841622273803, 0, 510.445777415239, 0, 723.751200123263, 397.912544188802, 0, 0, 1]
distortion_model: rational_polynomial
distortion_coefficients:
  rows: 1
  cols: 8
  data: [-0.137495745176491, 0.41769240780505, 0.000314566758137742, -0.00139752751397475, -0.368587446291938, 0.157159480224999, 0.329996482588276, -0.384850511370189]
rectification_matrix:
  rows: 3
  cols: 3
  data: [0.999975165587368, -0.00132729974766567, -0.00692145099648062, 0.00130464400910182, 0.999993780378492, -0.00327675271283727, 0.00692575718072407, 0.00326764130703142, 0.999970677773985]
projection_matrix:
  rows: 3
  cols: 4
  data: [688.056915333801, 0, 517.926086425781, -82.2484420390334, 0, 688.056915333801, 397.857963562012, 0, 0, 0, 1, 0]