image_width: 1024
image_height: 768
camera_name: 00b09d0100a8a2c8_right
camera_matrix:
  rows: 3
  cols: 3
  data: [725.073984996716, 0, 493.746300568936, 0, 721.420576738164, 399.259716157344, 0, 0, 1]
distortion_model: rational_polynomial
distortion_coefficients:
  rows: 1
  cols: 8
  data: [-0.497355858259496, 0.645783256134056, -8.62702669622282e-05, -0.00390393415500707, -0.71598961687865, -0.206445811950696, 0.485725340964562, -0.743524476653115]
rectification_matrix:
  rows: 3
  cols: 3
  data: [0.999937336741797, 0.000168319352102961, -0.011193491783945, -0.000177003393200291, 0.999999684157587, -0.000774825480537176, 0.0111933578304426, 0.000776758213475571, 0.999937050712272]
projection_matrix:
  rows: 3
  cols: 4
  data: [750.51220517944, 0, 495.459083557129, -89.4886940821091, 0, 750.51220517944, 383.672094345093, 0, 0, 0, 1, 0]