image_width: 1024
image_height: 768
camera_name: 00b09d0100a8a2c8_left
camera_matrix:
  rows: 3
  cols: 3
  data: [540.830963351327, 0, 512.733450031933, 0, 538.673369311745, 382.55162277761, 0, 0, 1]
distortion_model: rational_polynomial
distortion_coefficients:
  rows: 1
  cols: 8
  data: [-0.324700522100555, 0.0292980979295678, 0.000976896483593096, 0.00029532457838723, 0.0197906700761696, 0.0362537925421156, -0.152123315770727, 0.0628839600213629]
rectification_matrix:
  rows: 3
  cols: 3
  data: [0.99972141765146, -0.00639666023136856, -0.0227193711805387, 0.00647809692931434, 0.99997284732887, 0.00351267208350843, 0.0226962849191023, -0.00365887180375035, 0.999735710729588]
projection_matrix:
  rows: 3
  cols: 4
  data: [452.536208470365, 0, 550.38272857666, 0, 0, 452.536208470365, 400.450084686279, 0, 0, 0, 1, 0]