image_width: 1024
image_height: 768
camera_name: 00b09d0100a8a2c8_right
camera_matrix:
  rows: 3
  cols: 3
  data: [725.073221494515, 0, 508.247004881298, 0, 721.233870204614, 399.670828326009, 0, 0, 1]
distortion_model: rational_polynomial
distortion_coefficients:
  rows: 1
  cols: 8
  data: [-0.140274715543115, 0.507942326619072, 6.76095045104094e-05, -0.00154807940405173, -0.343898219213575, 0.152859137548746, 0.43123853369667, -0.339999341356408]
rectification_matrix:
  rows: 3
  cols: 3
  data: [0.999988738286278, -0.000164839654321613, -0.00474300838150596, 0.000146873266120826, 0.99999281444314, -0.00378807211279613, 0.00474359872484714, 0.00378733283148021, 0.999981577020878]
projection_matrix:
  rows: 3
  cols: 4
  data: [685.834872234983, 0, 511.674995422363, -82.0921368492781, 0, 685.834872234983, 401.61930847168, 0, 0, 0, 1, 0]