image_width: 1024
image_height: 768
camera_name: 00b09d0100a8a2c8_left
camera_matrix:
  rows: 3
  cols: 3
  data: [723.092676100263, 0, 513.126385404998, 0, 719.929802151349, 388.131935914184, 0, 0, 1]
distortion_model: rational_polynomial
distortion_coefficients:
  rows: 1
  cols: 8
  data: [0.0899629824538402, 1.02406000604212, 0.00160000570374494, 0.00105760013093497, -0.628602068426573, 0.365704414678321, 1.1019030073758, -0.663898472483598]
rectification_matrix:
  rows: 3
  cols: 3
  data: [0.999972666132544, -0.00739240134699119, -0.000139248326086814, 0.00739287575385046, 0.999965500565028, 0.00378722428978974, 0.000111246840157021, -0.00378815021587666, 0.999992818745256]
projection_matrix:
  rows: 3
  cols: 4
  data: [685.834872234983, 0, 511.674995422363, 0, 0, 685.834872234983, 401.61930847168, 0, 0, 0, 1, 0]