image_width: 1024
image_height: 768
camera_name: 00b09d0100a8a2c8_left
camera_matrix:
  rows: 3
  cols: 3
  data: [723.950750509658, 0, 507.012850351223, 0, 720.962183095897, 383.392245982574, 0, 0, 1]
distortion_model: rational_polynomial
distortion_coefficients:
  rows: 1
  cols: 8
  data: [-0.237358769585462, 0.145903548666904, 0.00162045117580386, -0.00153104827515504, -0.213788111290802, 0.0522656641895982, 0.0268181767572564, -0.236504931363108]
rectification_matrix:
  rows: 3
  cols: 3
  data: [0.999964834637682, -0.00705884733165529, 0.00452793135791063, 0.00705533238921197, 0.999974797363796, 0.000791784132387562, -0.00453340632541402, -0.000759810228246047, 0.999989435401948]
projection_matrix:
  rows: 3
  cols: 4
  data: [750.51220517944, 0, 495.459083557129, 0, 0, 750.51220517944, 383.672094345093, 0, 0, 0, 1, 0]