image_width: 1024
image_height: 768
camera_name: 00b09d0100a8a2c8_right
camera_matrix:
  rows: 3
  cols: 3
  data: [542.274507864901, 0, 510.393184000338, 0, 539.444320816383, 398.896353938979, 0, 0, 1]
distortion_model: rational_polynomial
distortion_coefficients:
  rows: 1
  cols: 8
  data: [-0.130402517041417, 0.0826666285362013, -9.69560790228186e-05, -0.000579343883565726, 0.0505969019910056, 0.240523076939552, -0.0501813915083924, 0.124379433220122]
rectification_matrix:
  rows: 3
  cols: 3
  data: [0.999992851835496, -0.000702757720795157, -0.00371515941754434, 0.000700265226271851, 0.99999952891692, -0.000672156641590843, 0.00371563003066506, 0.000669550239954415, 0.999992872872578]
projection_matrix:
  rows: 3
  cols: 4
  data: [451.005747995702, 0, 507.958312988281, -53.9361277484636, 0, 451.005747995702, 401.04084777832, 0, 0, 0, 1, 0]