image_width: 1024
image_height: 768
camera_name: 00b09d0100b9421b_left
camera_matrix:
  rows: 3
  cols: 3
  data: [1123.34339026013, 0, 525.820600578336, 0, 1119.12060060287, 398.073068669401, 0, 0, 1]
distortion_model: rational_polynomial
distortion_coefficients:
  rows: 1
  cols: 8
  data: [-0.144724807035023, -1.15521662437678, -2.39757270270205e-05, 0.00038510251001885, 2.23386190161389, 0.151648733951443, -1.5246856118499, 2.55569425807426]
rectification_matrix:
  rows: 3
  cols: 3
  data: [0.99973627504819, 0.00436694885243913, -0.0225457337536326, -0.00438445533258012, 0.999990123879574, -0.000727113988021008, 0.0225423358196554, 0.000825772992502626, 0.999745548224526]
projection_matrix:
  rows: 3
  cols: 4
  data: [1110.51115069211, 0, 556.463317871094, 0, 0, 1110.51115069211, 410.115436553955, 0, 0, 0, 1, 0]
