image_width: 1024
image_height: 768
camera_name: 00b09d0100b9421b_left
camera_matrix:
  rows: 3
  cols: 3
  data: [840.637503666956, 0, 516.202029748363, 0, 836.822246164552, 406.456382113629, 0, 0, 1]
distortion_model: rational_polynomial
distortion_coefficients:
  rows: 1
  cols: 8
  data: [-0.314670938034518, 0.93331042222818, 0.000758362912840804, 0.00022631985970979, 1.94621146721614, 0.0713720848311294, 0.530216102606259, 2.91068505906563]
rectification_matrix:
  rows: 3
  cols: 3
  data: [0.999989080952559, 0.0041128242927331, -0.0022187050263197, -0.00411377351141911, 0.999991448749995, -0.000423431675453938, 0.0022169445535372, 0.000432554301950312, 0.999997449023557]
projection_matrix:
  rows: 3
  cols: 4
  data: [776.834665201608, 0, 521.475082397461, 0, 0, 776.834665201608, 411.564392089844, 0, 0, 0, 1, 0]