image_width: 1024
image_height: 768
camera_name: 00b09d0100b9421b_left
camera_matrix:
  rows: 3
  cols: 3
  data: [1126.48722318732, 0, 521.265424177018, 0, 1122.15768071361, 396.071793809063, 0, 0, 1]
distortion_model: rational_polynomial
distortion_coefficients:
  rows: 1
  cols: 8
  data: [0.109760442354145, 5.11913457390754, 0.000127351016547397, 0.000281601283844012, -15.4498277240033, 0.373415066202084, 5.19153649820437, -15.8163985606451]
rectification_matrix:
  rows: 3
  cols: 3
  data: [0.999828921351352, -2.45671117558372e-05, -0.0184966868884682, 7.1429999997928e-05, 0.999996789585591, 0.00253292642338113, 0.0184965652797516, -0.00253381431209592, 0.999825713241005]
projection_matrix:
  rows: 3
  cols: 4
  data: [1100.70320831192, 0, 549.260368347168, 0, 0, 1100.70320831192, 395.104763031006, 0, 0, 0, 1, 0]