image_width: 1024
image_height: 768
camera_name: 00b09d0100b9421b_right
camera_matrix:
  rows: 3
  cols: 3
  data: [841.941309236792, 0, 516.707395614106, 0, 838.750020283014, 406.339542382571, 0, 0, 1]
distortion_model: rational_polynomial
distortion_coefficients:
  rows: 1
  cols: 8
  data: [0.164521774674879, -0.270504244935543, 0.00104435102595254, 0.000722879781333571, 0.509441528880277, 0.527337359766124, -0.385668902531916, 0.657220904621667]
rectification_matrix:
  rows: 3
  cols: 3
  data: [0.999950290983091, 0.00972774470467992, -0.00218781758683787, -0.0097268074289179, 0.999952597282595, 0.000438639980559901, 0.00219198085608721, -0.000417337695840918, 0.999997510521488]
projection_matrix:
  rows: 3
  cols: 4
  data: [776.834665201608, 0, 521.475082397461, -92.8952010534609, 0, 776.834665201608, 411.564392089844, 0, 0, 0, 1, 0]