image_width: 1024
image_height: 768
camera_name: 00b09d0100b9421b_right
camera_matrix:
  rows: 3
  cols: 3
  data: [1132.64213306017, 0, 514.727839336328, 0, 1127.89512504785, 389.199046775082, 0, 0, 1]
distortion_model: rational_polynomial
distortion_coefficients:
  rows: 1
  cols: 8
  data: [-0.130628476619636, 0.619038059252275, 0.000697471415715707, -0.000590457459794849, 2.6522938034117, 0.135871128130881, 0.369739155487018, 3.24105285472201]
rectification_matrix:
  rows: 3
  cols: 3
  data: [0.999691540112631, 0.00493095652464351, -0.024341534359782, -0.0049926142130614, 0.99998447916203, -0.00247290079941607, 0.0243289627924396, 0.00259366589912636, 0.999700642425845]
projection_matrix:
  rows: 3
  cols: 4
  data: [1100.70320831192, 0, 549.260368347168, -132.108302073542, 0, 1100.70320831192, 395.104763031006, 0, 0, 0, 1, 0]