image_width: 1024
image_height: 768
camera_name: 00b09d01009b8404_left
camera_matrix:
  rows: 3
  cols: 3
  data: [1144.23474043787, 0, 499.675853763315, 0, 1086.63963804441, 376.26947548193, 0, 0, 1]
distortion_model: plumb_bob
distortion_coefficients:
  rows: 1
  cols: 5
  data: [-0.277516068214323, 0.174214207233967, -0.000330302404992765, -0.00118856088122648, 0]
rectification_matrix:
  rows: 3
  cols: 3
  data: [0.999996381878618, 5.0278879004015e-05, 0.00268955418365821, -5.43611670299457e-05, 0.999998846694956, 0.0015177791740754, -0.00268947476954636, -0.0015179198898703, 0.999995231310966]
projection_matrix:
  rows: 3
  cols: 4
  data: [1086.24206522897, 0, 495.350212097168, 0, 0, 1086.24206522897, 380.623268127441, 0, 0, 0, 1, 0]