image_width: 1024
image_height: 768
camera_name: 00b09d0100a8a2c7_right
camera_matrix:
  rows: 3
  cols: 3
  data: [823.414309032814, 0, 511.804326403594, 0, 786.825146817386, 384.961051480085, 0, 0, 1]
distortion_model: rational_polynomial
distortion_coefficients:
  rows: 1
  cols: 8
  data: [-0.170276569832222, 0.543515768359913, -0.0010142839736347, -0.00288166163922588, 1.0299992293897, 0.213120342660171, 0.376920965487285, 1.34384124779893]
rectification_matrix:
  rows: 3
  cols: 3
  data: [0.970630557780397, -0.00503540327766412, -0.240522275510494, 0.00646883368199721, 0.999965709545272, 0.00517048589745001, 0.24048799241066, -0.00657453020773049, 0.970629847603523]
projection_matrix:
  rows: 3
  cols: 4
  data: [767.672104111095, 0, 777.531543731689, -95.7353891205476, 0, 767.672104111095, 388.953048706055, 0, 0, 0, 1, 0]