image_width: 1024
image_height: 768
camera_name: 00b09d0100a8a2c7_right
camera_matrix:
  rows: 3
  cols: 3
  data: [780.634858280619, 0, 510.544218045799, 0, 750.726732669947, 383.830323710992, 0, 0, 1]
distortion_model: rational_polynomial
distortion_coefficients:
  rows: 1
  cols: 8
  data: [-0.139026108545454, 0.314796126300397, 0.000761278479102717, -0.00376425707823659, 0.543461735933912, 0.170522135305315, 0.212275340798222, 0.69854515768864]
rectification_matrix:
  rows: 3
  cols: 3
  data: [0.98766704427019, -0.0116553668645467, -0.156134435938521, 0.0120654044825106, 0.999925801265134, 0.00167868369664309, 0.156103285286572, -0.00354180568817492, 0.987734387340649]
projection_matrix:
  rows: 3
  cols: 4
  data: [716.13621254027, 0, 674.555728912354, -89.2083809866185, 0, 716.13621254027, 393.494705200195, 0, 0, 0, 1, 0]