image_width: 1024
image_height: 768
camera_name: 00b09d0100a8a2c7_left
camera_matrix:
  rows: 3
  cols: 3
  data: [797.374149114369, 0, 513.412818024161, 0, 761.578789177444, 384.903083613601, 0, 0, 1]
distortion_model: rational_polynomial
distortion_coefficients:
  rows: 1
  cols: 8
  data: [-0.149803670409591, 0.687216076198739, 0.00433129269190259, -0.000304344396371021, 1.89617242469696, 0.182281083758469, 0.650661335049069, 2.29399232333898]
rectification_matrix:
  rows: 3
  cols: 3
  data: [0.973830665604776, -0.0108042598077762, -0.227017846650355, 0.00945213242707898, 0.999930529032469, -0.00704232216161139, 0.227078162579186, 0.00471222652819581, 0.973865135940705]
projection_matrix:
  rows: 3
  cols: 4
  data: [767.672104111095, 0, 777.531543731689, 0, 0, 767.672104111095, 388.953048706055, 0, 0, 0, 1, 0]