image_width: 1024
image_height: 768
camera_name: 00b09d0100a8a2c7_left
camera_matrix:
  rows: 3
  cols: 3
  data: [549.709055894427, 0, 520.746420576784, 0, 547.834173796622, 399.934167631283, 0, 0, 1]
distortion_model: rational_polynomial
distortion_coefficients:
  rows: 1
  cols: 8
  data: [-0.161980620648208, 0.0638182998016542, 0.00044874463727701, 8.43166053923791e-05, 0.0308955602180654, 0.226018025871655, -0.0851617384625124, 0.0920394488511759]
rectification_matrix:
  rows: 3
  cols: 3
  data: [0.999936721847574, -0.00363206857183898, -0.0106470831037169, 0.00362736932310612, 0.999993314977687, -0.000460642737036783, 0.0106486850137368, 0.000421992685784475, 0.999943212102393]
projection_matrix:
  rows: 3
  cols: 4
  data: [442.734864515543, 0, 585.668792724609, 0, 0, 442.734864515543, 406.092277526855, 0, 0, 0, 1, 0]