image_width: 1024
image_height: 768
camera_name: 00b09d0100a8a2c7_right
camera_matrix:
  rows: 3
  cols: 3
  data: [548.211140931471, 0, 510.66068621348, 0, 555.519301232744, 390.058458365403, 0, 0, 1]
distortion_model: rational_polynomial
distortion_coefficients:
  rows: 1
  cols: 8
  data: [-0.171859811663435, -0.122250251572502, 0.000825022794494509, 0.00174499312106669, -0.0584272054295384, 0.170971243035154, -0.189611624564706, -0.130959891594629]
rectification_matrix:
  rows: 3
  cols: 3
  data: [0.996721261024209, -0.00524551186081963, -0.080741639986, 0.00501720112816634, 0.999982822365045, -0.00303029168216205, 0.0807561484665431, 0.00261525909948797, 0.996730457498261]
projection_matrix:
  rows: 3
  cols: 4
  data: [468.772589317659, 0, 656.588722229004, -55.7611544370388, 0, 468.772589317659, 415.602645874023, 0, 0, 0, 1, 0]