image_width: 1024
image_height: 768
camera_name: 00b09d0100a8a2c7_left
camera_matrix:
  rows: 3
  cols: 3
  data: [762.522897939518, 0, 506.618702284769, 0, 734.014995013377, 391.217393196694, 0, 0, 1]
distortion_model: rational_polynomial
distortion_coefficients:
  rows: 1
  cols: 8
  data: [-0.129855957996614, 2.24093725782231, 0.00263276056912644, -0.000477589751202589, 2.08283936522557, 0.191786055863446, 2.0662049600876, 3.23805217119499]
rectification_matrix:
  rows: 3
  cols: 3
  data: [0.989294621359805, -0.0155571840520416, -0.145100400319677, 0.0151761887905982, 0.999877869057694, -0.00373232667877395, 0.145140743564141, 0.001490299639626, 0.989409896637704]
projection_matrix:
  rows: 3
  cols: 4
  data: [716.13621254027, 0, 674.555728912354, 0, 0, 716.13621254027, 393.494705200195, 0, 0, 0, 1, 0]