image_width: 1024
image_height: 768
camera_name: 00b09d0100a8a2c7_left
camera_matrix:
  rows: 3
  cols: 3
  data: [545.361998243782, 0, 521.022660253518, 0, 551.249875817627, 402.515248940922, 0, 0, 1]
distortion_model: rational_polynomial
distortion_coefficients:
  rows: 1
  cols: 8
  data: [0.153651377727499, -0.217226497355141, 4.99722856126199e-05, -0.000181765469778036, -0.0382562099656204, 0.510643478753021, -0.208656190112038, -0.122656637833651]
rectification_matrix:
  rows: 3
  cols: 3
  data: [0.998657332623463, -0.00759557594714894, -0.0512429431572808, 0.00774036026388368, 0.999966590743668, 0.00262758814723667, 0.0512212731233275, -0.00302069901137147, 0.998682760718892]
projection_matrix:
  rows: 3
  cols: 4
  data: [468.772589317659, 0, 656.588722229004, 0, 0, 468.772589317659, 415.602645874023, 0, 0, 0, 1, 0]