image_width: 1024
image_height: 768
camera_name: 00b09d0100a8a2c7_right
camera_matrix:
  rows: 3
  cols: 3
  data: [548.437489631122, 0, 520.709146594556, 0, 546.968027064068, 392.644237469706, 0, 0, 1]
distortion_model: rational_polynomial
distortion_coefficients:
  rows: 1
  cols: 8
  data: [0.839967053102106, -0.309637844346515, 0.000100563580123658, 4.48796242996184e-05, -0.0452615347121244, 1.2417365593858, -0.107534042564808, -0.170076040954602]
rectification_matrix:
  rows: 3
  cols: 3
  data: [0.9997479869118, -0.000374872007634972, -0.0224459826423636, 0.000384778561690335, 0.999999830473536, 0.000437033589875876, 0.0224458150055163, -0.000445560184608095, 0.99974796167077]
projection_matrix:
  rows: 3
  cols: 4
  data: [442.734864515543, 0, 585.668792724609, -52.8055865767086, 0, 442.734864515543, 406.092277526855, 0, 0, 0, 1, 0]