image_width: 1024
image_height: 768
camera_name: 00b09d01009b8402_left
camera_matrix:
  rows: 3
  cols: 3
  data: [1145.78061742559, 0, 511.10957569578, 0, 1113.73029700774, 384.306153573537, 0, 0, 1]
distortion_model: rational_polynomial
distortion_coefficients:
  rows: 1
  cols: 8
  data: [-0.151438440796381, 1.85500146960254, 0.00057051528302706, 0.000954736293710737, 8.61840369276235, 0.161043040638302, 1.30386444341488, 10.717924747974]
rectification_matrix:
  rows: 3
  cols: 3
  data: [0.999778095899206, -0.000714220430226196, 0.0210534759442652, 0.000719486311508952, 0.999999711755473, -0.000242545706154068, -0.0210532966446174, 0.00025763957201884, 0.999778321590464]
projection_matrix:
  rows: 3
  cols: 4
  data: [1109.22338988502, 0, 495.359725952148, 0, 0, 1109.22338988502, 384.617679595947, 0, 0, 0, 1, 0]