image_width: 1024
image_height: 768
camera_name: 00b09d01009b8402_right
camera_matrix:
  rows: 3
  cols: 3
  data: [839.140138349384, 0, 538.247277787681, 0, 848.011514942152, 389.486208483205, 0, 0, 1]
distortion_model: rational_polynomial
distortion_coefficients:
  rows: 1
  cols: 8
  data: [-0.188780418415828, -0.178217403603077, 0.00106676090314621, -0.000359557893098575, 0.0183874196478187, 0.176770851601428, -0.352333099556716, 0.0191275412064978]
rectification_matrix:
  rows: 3
  cols: 3
  data: [0.999981517281201, -0.00593207225642315, 0.00133252194416274, 0.00593294423008086, 0.999982187778835, -0.000651381468554333, -0.00132863416704922, 0.000659275207633853, 0.99999890004312]
projection_matrix:
  rows: 3
  cols: 4
  data: [797.601968671497, 0, 530.580265045166, -95.4032014294235, 0, 797.601968671497, 391.278400421143, 0, 0, 0, 1, 0]