image_width: 1024
image_height: 768
camera_name: 00b09d01009b8402_left
camera_matrix:
  rows: 3
  cols: 3
  data: [847.713335535369, 0, 510.035299175694, 0, 845.42968228242, 388.323225900375, 0, 0, 1]
distortion_model: rational_polynomial
distortion_coefficients:
  rows: 1
  cols: 8
  data: [0.502517963778106, -1.01079808330394, -6.14089499943182e-05, 0.00130999400673171, 1.57972499728197, 0.902127606126171, -1.15290177634725, 1.85610854780191]
rectification_matrix:
  rows: 3
  cols: 3
  data: [0.999775495268852, -0.000369606043626721, -0.0211854301654183, 0.000417420679214794, 0.999997375816483, 0.00225258076952756, 0.0211845420034954, -0.00226091829113661, 0.999773025955683]
projection_matrix:
  rows: 3
  cols: 4
  data: [783.327619408833, 0, 552.52108001709, 0, 0, 783.327619408833, 389.111343383789, 0, 0, 0, 1, 0]