image_width: 1024
image_height: 768
camera_name: 00b09d01009b8402_left
camera_matrix:
  rows: 3
  cols: 3
  data: [849.254056136817, 0, 515.477885143632, 0, 858.03399037478, 388.970247635803, 0, 0, 1]
distortion_model: rational_polynomial
distortion_coefficients:
  rows: 1
  cols: 8
  data: [-0.56919713667436, -0.0806813000200789, 0.000822099603685034, 2.93041009591403e-05, 0.110139302832476, -0.203007011259462, -0.404786498445817, 0.207143041114235]
rectification_matrix:
  rows: 3
  cols: 3
  data: [0.999993838510788, -0.00246392696659862, -0.00250040084063961, 0.0024655650311418, 0.999996747774274, 0.000652249915699712, 0.0024987856126154, -0.000658410797745454, 0.999996661277268]
projection_matrix:
  rows: 3
  cols: 4
  data: [797.601968671497, 0, 530.580265045166, 0, 0, 797.601968671497, 391.278400421143, 0, 0, 0, 1, 0]