---
image_width: 1024
image_height: 768
camera_name: 00b09d01009b8404_right
camera_matrix:
  rows: 3
  cols: 3
  data: [837.028, 0, 520.125, 0, 845.020, 408.125, 0, 0, 1]
distortion_model: plumb_bob
distortion_coefficients:
  rows: 1
  cols: 5
  data: [-0.346294, 0.139439, -0.000168, -0.000149, 0]
rectification_matrix:
  rows: 3
  cols: 3
  data: [0.999968, 0.007600, 0.002534, -0.007605, 0.999969, 0.001894, -0.002519, -0.001913, 0.999995]
projection_matrix:
  rows: 3
  cols: 4
  data: [806.119, 0, 518.717, -96.5954, 0, 806.119, 400.887, 0, 0, 0, 1, 0]

