image_width: 1024
image_height: 768
camera_name: 00b09d01009b8402_right
camera_matrix:
  rows: 3
  cols: 3
  data: [1128.29805774952, 0, 511.047906182379, 0, 1097.31075053058, 384.141917429713, 0, 0, 1]
distortion_model: rational_polynomial
distortion_coefficients:
  rows: 1
  cols: 8
  data: [-0.139925945969356, 1.14443846888876, 0.000253262551324455, -0.00159512587825675, 5.21007256316149, 0.148433868505799, 0.836321501586514, 6.23460284219445]
rectification_matrix:
  rows: 3
  cols: 3
  data: [0.999986943620037, -0.00438510466385791, 0.00262363231871592, 0.00438444833702956, 0.999990355527979, 0.000255858958488367, -0.00262472898347958, -0.0002443524375398, 0.999996525538789]
projection_matrix:
  rows: 3
  cols: 4
  data: [1109.22338988502, 0, 495.359725952148, -133.240771850157, 0, 1109.22338988502, 384.617679595947, 0, 0, 0, 1, 0]