image_width: 1024
image_height: 768
camera_name: 00b09d01009b8402_right
camera_matrix:
  rows: 3
  cols: 3
  data: [839.568085543216, 0, 530.387332529978, 0, 837.826986304345, 386.555628955391, 0, 0, 1]
distortion_model: rational_polynomial
distortion_coefficients:
  rows: 1
  cols: 8
  data: [-0.171708432815124, -0.0692513224340473, 0.000563962382189331, 0.00021549078240696, 0.16358936572913, 0.188189613014032, -0.223736121635243, 0.228977614902334]
rectification_matrix:
  rows: 3
  cols: 3
  data: [0.999746343714627, -0.00499338643858202, -0.0219616557005638, 0.00494380583852475, 0.999985108196443, -0.002311313301877, 0.0219728699323981, 0.0022021528610544, 0.999756142021498]
projection_matrix:
  rows: 3
  cols: 4
  data: [783.327619408833, 0, 552.52108001709, -94.2086822666966, 0, 783.327619408833, 389.111343383789, 0, 0, 0, 1, 0]