image_width: 1024
image_height: 768
camera_name: 00b09d01009b8402_right
camera_matrix:
  rows: 3
  cols: 3
  data: [1130.7609264904, 0, 479.503930934069, 0, 1073.97922633983, 386.15677421289, 0, 0, 1]
distortion_model: plumb_bob
distortion_coefficients:
  rows: 1
  cols: 5
  data: [-0.276319047173422, 0.164810548103333, -0.00129573051024679, -0.00287124544648623, 0]
rectification_matrix:
  rows: 3
  cols: 3
  data: [0.99984688235821, 0.00671481307881117, -0.0161593045606519, -0.00673933369718026, 0.999976219560023, -0.00146345336872314, 0.0161490934694592, 0.00157213223394307, 0.999868358925491]
projection_matrix:
  rows: 3
  cols: 4
  data: [1086.24206522897, 0, 495.350212097168, -128.40134370404, 0, 1086.24206522897, 380.623268127441, 0, 0, 0, 1, 0]
