image_width: 1024
image_height: 768
camera_name: 00b09d0100b9421b_right
camera_matrix:
  rows: 3
  cols: 3
  data: [1116.77006802414, 0, 508.820056875757, 0, 1113.11662921155, 415.131233067294, 0, 0, 1]
distortion_model: rational_polynomial
distortion_coefficients:
  rows: 1
  cols: 8
  data: [-0.0872943852108247, 2.94765238465355, 2.03641927113945e-05, -0.00212143322361782, -8.50671782663951, 0.177886584620401, 2.8801219081082, -8.62424499632071]
rectification_matrix:
  rows: 3
  cols: 3
  data: [0.999241753875761, 0.0121547531095299, -0.0369889076364664, -0.012126022307481, 0.999925976060098, 0.00100099113810562, 0.0369983363719389, -0.000551703821325585, 0.999315174871573]
projection_matrix:
  rows: 3
  cols: 4
  data: [1110.51115069211, 0, 556.463317871094, -132.783315078974, 0, 1110.51115069211, 410.115436553955, 0, 0, 0, 1, 0]
