---
image_width: 1024
image_height: 768
camera_name: 00b09d01009b8402_right
camera_matrix:
  rows: 3
  cols: 3
  data: [842.865, 0, 542.435, 0, 837.497, 381.916, 0, 0, 1]
distortion_model: plumb_bob
distortion_coefficients:
  rows: 1
  cols: 5
  data: [-0.343561, 0.124982, 0.00323129, -0.00200914, 0]
rectification_matrix:
  rows: 3
  cols: 3
  data: [0.999941, -0.00370889, -0.0101971, 0.00371009, 0.999993, 9.94112e-05, 0.0101966, -0.000137237, 0.999948]
projection_matrix:
  rows: 3
  cols: 4
  data: [785.906, 0, 546.119, -94.5129, 0, 785.906, 386.958, 0, 0, 0, 1, 0]
