image_width: 1024
image_height: 768
camera_name: 00b09d01009b8404_left
camera_matrix:
  rows: 3
  cols: 3
  data: [1137.18461097136, 0, 522.638838093935, 0, 1133.43529728905, 389.343930020441, 0, 0, 1]
distortion_model: rational_polynomial
distortion_coefficients:
  rows: 1
  cols: 8
  data: [-0.0903033781919526, -1.20867755991977, 0.000577817218972349, -0.0010219743630555, 5.04554159149812, 0.22389533113412, -1.73186312365238, 6.01379319394097]
rectification_matrix:
  rows: 3
  cols: 3
  data: [0.99996821754995, 0.000593192013965258, 0.00795059829255083, -0.000577855721862199, 0.999997968453007, -0.00193110657981563, -0.00795172765753804, 0.00192645090580165, 0.999966528846925]
projection_matrix:
  rows: 3
  cols: 4
  data: [1151.69611975525, 0, 503.599174499512, 0, 0, 1151.69611975525, 411.806049346924, 0, 0, 0, 1, 0]