---
image_width: 1024
image_height: 768
camera_name: 00b09d01009b8402_right
camera_matrix:
  rows: 3
  cols: 3
  data: [1118.12, 0, 569.18, 0, 1098.96, 371.307, 0, 0, 1]
distortion_model: plumb_bob
distortion_coefficients:
  rows: 1
  cols: 5
  data: [-0.26824, 0.148181, -0.000195468, -0.00125723, 0]
rectification_matrix:
  rows: 3
  cols: 3
  data: [0.998488, -0.00825629, 0.0543379, 0.0083224, 0.999965, -0.00099064, -0.0543278, 0.00144136, 0.998522]
projection_matrix:
  rows: 3
  cols: 4
  data: [1094.5, 0, 496.79, -130.509, 0, 1094.5, 373.319, 0, 0, 0, 1, 0]