---
image_width: 1024
image_height: 768
camera_name: 00b09d01009b8402_left
camera_matrix:
  rows: 3
  cols: 3
  data: [1133.71, 0, 550.697, 0, 1115.29, 375.233, 0, 0, 1]
distortion_model: plumb_bob
distortion_coefficients:
  rows: 1
  cols: 5
  data: [-0.287753, 0.300216, 0.00052015, 0.00180017, 0]
rectification_matrix:
  rows: 3
  cols: 3
  data: [0.99874, -0.0037206, 0.050042, 0.0036597, 0.999992, 0.00130847, -0.0500465, -0.00112369, 0.998746]
projection_matrix:
  rows: 3
  cols: 4
  data: [1094.5, 0, 496.79, 0, 0, 1094.5, 373.319, 0, 0, 0, 1, 0]