image_width: 1024
image_height: 768
camera_name: 00b09d01009b8404_right
camera_matrix:
  rows: 3
  cols: 3
  data: [1124.06708630585, 0, 499.913684557887, 0, 1120.42534347542, 408.269876213744, 0, 0, 1]
distortion_model: rational_polynomial
distortion_coefficients:
  rows: 1
  cols: 8
  data: [1.8119232479436, 12.1656901579892, -0.000234814549539954, -0.00235773925220722, -46.288166550103, 2.05838764501168, 13.1058427327548, -48.2170480374454]
rectification_matrix:
  rows: 3
  cols: 3
  data: [0.999904912236926, 0.0080326856876552, -0.0112090340845937, -0.00801105031272585, 0.999965963132151, 0.00197374012383908, 0.0112245069982258, -0.00188375630929706, 0.999935228854756]
projection_matrix:
  rows: 3
  cols: 4
  data: [1151.69611975525, 0, 503.599174499512, -137.376539895731, 0, 1151.69611975525, 411.806049346924, 0, 0, 0, 1, 0]