---
image_width: 1024
image_height: 768
camera_name: 00b09d01009b8404_left
camera_matrix:
  rows: 3
  cols: 3
  data: [846.597, 0, 518.558, 0, 854.331, 389.758, 0, 0, 1]
distortion_model: plumb_bob
distortion_coefficients:
  rows: 1
  cols: 5
  data: [-0.348776, 0.142717, 0.000915, 0.000082, 0]
rectification_matrix:
  rows: 3
  cols: 3
  data: [0.999999, 0.000650, 0.001321, -0.000648, 0.999998, -0.001904, -0.001322, 0.001903, 0.999997]
projection_matrix:
  rows: 3
  cols: 4
  data: [806.119, 0, 518.717, 0, 0, 806.119, 400.887, 0, 0, 0, 1, 0]

