image_width: 1024
image_height: 768
camera_name: 00b09d0100a8a2c7_left
camera_matrix:
  rows: 3
  cols: 3
  data: [749.642742046463, 0, 539.67454188334, 0, 718.738253774844, 410.819033898981, 0, 0, 1]
distortion_model: plumb_bob
distortion_coefficients:
  rows: 1
  cols: 5
  data: [-0.305727818014552, 0.125105811097608, 0.0021235435545915, 0.00101183009692414, 0]
rectification_matrix:
  rows: 3
  cols: 3
  data: [0.999940011711643, 0.00209469799517565, -0.0107510566191671, -0.00214306807793722, 0.999987625507424, -0.00448955356764546, 0.0107415193214394, 0.00451232449325608, 0.999932127041798]
projection_matrix:
  rows: 3
  cols: 4
  data: [670.44838436561, 0, 553.634304046631, 0, 0, 670.44838436561, 411.5126953125, 0, 0, 0, 1, 0]