image_width: 1024
image_height: 768
camera_name: 00b09d0100a8a2c7_right
camera_matrix:
  rows: 3
  cols: 3
  data: [747.473744648049, 0, 523.981339714942, 0, 716.76909875026, 411.218247507688, 0, 0, 1]
distortion_model: plumb_bob
distortion_coefficients:
  rows: 1
  cols: 5
  data: [-0.312470781595577, 0.140416928438558, 0.00187045432179417, -0.000772438457736498, 0]
rectification_matrix:
  rows: 3
  cols: 3
  data: [0.999154250622794, 0.00680513321006609, -0.0405521099869813, -0.00662250033105113, 0.999967323102088, 0.00463629349897385, 0.0405823354646847, -0.00436381599482094, 0.999166668358285]
projection_matrix:
  rows: 3
  cols: 4
  data: [670.44838436561, 0, 553.634304046631, -79.090353246545, 0, 670.44838436561, 411.5126953125, 0, 0, 0, 1, 0]